date,close,open,low,high,volume,pctChg,isST
2020-04-15,6.5658090700,6.6089484200,6.5054139800,6.6865992500,1773100,-0.652700,0
2020-04-16,6.5485533300,6.5399254600,6.4967861100,6.5916926800,1111740,-0.262800,0
2020-04-17,6.6175762900,6.5399254600,6.5312975900,6.6434599000,2978690,1.054000,0
2020-04-20,6.8073894300,6.6348320300,6.6089484200,6.8246451700,5931887,2.868300,0
2020-04-21,6.9885747000,6.7728779500,6.7383664700,6.9885747000,5818302,2.661600,0
2020-04-22,7.4027124600,6.9972025700,6.9454353500,7.4027124600,4918722,5.925900,0
2020-04-23,7.4027124600,7.2732944100,7.0575976600,7.4027124600,6354640,0.000000,0
2020-04-24,6.9885747000,7.6788043000,6.9281796100,7.6788043000,18687612,-5.594400,0
2020-04-27,6.2897172300,6.3414844500,6.2897172300,6.6607156400,9877768,-10.000000,0
2020-04-28,6.0999040900,6.2638336200,5.9618581700,6.3156008400,4477824,-3.017800,0
2020-04-29,6.0999040900,6.0826483500,6.0653926100,6.1775549200,1917361,0.000000,0
2020-04-30,6.1775549200,6.0912762200,6.0912762200,6.2206942700,1958533,1.273000,0
2020-05-06,6.1775549200,6.1085319600,6.1085319600,6.1861827900,2026299,0.000000,0
2020-05-07,6.1861827900,6.1689270500,6.1516713100,6.2120664000,1429920,0.139700,0
2020-05-08,6.2552057500,6.2034385300,6.1948106600,6.2724614900,1918624,1.115800,0
2020-05-11,6.2379500100,6.2724614900,6.2120664000,6.2724614900,1248220,-0.275900,0
2020-05-12,6.2293221400,6.2379500100,6.1861827900,6.2465778800,1141580,-0.138300,0
2020-05-13,6.2897172300,6.2206942700,6.1948106600,6.3414844500,1850220,0.969500,0
2020-05-14,6.2638336200,6.3069729700,6.2379500100,6.3069729700,1371600,-0.411500,0
2020-05-15,6.4363910200,6.2379500100,6.2379500100,6.4536467600,2869125,2.754800,0
2020-05-18,6.7297386000,6.4881582400,6.3846238000,6.9368074800,7197755,4.557600,0
2020-05-19,6.6348320300,6.6865992500,6.5399254600,6.7642500800,4004127,-1.410300,0
2020-05-20,6.6865992500,6.6262041600,6.5485533300,6.6952271200,2376992,0.780200,0
2020-05-21,6.4795303700,6.6434599000,6.4277631500,6.6607156400,2212268,-3.096800,0
2020-05-22,6.2897172300,6.4709025000,6.2724614900,6.4709025000,2149100,-2.929400,0
2020-05-25,6.2724614900,6.2638336200,6.2120664000,6.3242287100,1232487,-0.274300,0
2020-05-26,6.4191352800,6.2724614900,6.2724614900,6.4363910200,1433379,2.338400,0
2020-05-27,6.3501123200,6.3932516700,6.3242287100,6.4105074100,1070540,-1.075300,0
2020-05-28,6.3156008400,6.3846238000,6.2206942700,6.3846238000,2184184,-0.543500,0
2020-05-29,6.4277631500,6.3673680600,6.3242287100,6.4881582400,2128516,1.776000,0
2020-06-01,6.5916926800,6.4277631500,6.4018795400,6.6434599000,2581497,2.550300,0
2020-06-02,6.5830648100,6.5916926800,6.5485533300,6.6779713800,1816820,-0.130900,0
2020-06-03,6.6434599000,6.6089484200,6.5658090700,6.6693435100,2479620,0.917400,0
2020-06-04,6.7987615600,6.6779713800,6.6175762900,6.8332730400,4455254,2.337700,0
2020-06-05,6.6078847500,6.7624020000,6.5079030000,6.8169375000,4290757,-2.807500,0
2020-06-08,6.5351707500,6.5715277500,6.5260815000,6.5987955000,1786890,-1.100400,0
2020-06-09,6.5442600000,6.5351707500,6.4988137500,6.5715277500,1501620,0.139100,0
2020-06-10,6.5169922500,6.5987955000,6.3624750000,6.5987955000,1590320,-0.416700,0
2020-06-11,6.4533675000,6.5169922500,6.4442782500,6.5442600000,1617900,-0.976300,0
2020-06-12,6.4624567500,6.4079212500,6.3261180000,6.4715460000,1339320,0.140800,0
2020-06-15,6.5169922500,6.4806352500,6.4170105000,6.5806170000,1549400,0.843900,0
2020-06-16,6.6078847500,6.5897062500,6.5351707500,6.6533310000,1454680,1.394700,0
2020-06-17,6.6078847500,6.6169740000,6.5260815000,6.6351525000,1504660,0.000000,0
2020-06-18,6.5624385000,6.6078847500,6.5533492500,6.6169740000,1170980,-0.687800,0
2020-06-19,6.5533492500,6.5624385000,6.5533492500,6.6533310000,1345260,-0.138500,0
2020-06-22,6.5260815000,6.5624385000,6.4897245000,6.5897062500,1724378,-0.416100,0
2020-06-23,6.4260997500,6.5260815000,6.3988320000,6.5260815000,1915004,-1.532000,0
2020-06-24,6.3352072500,6.3988320000,6.3079395000,6.4533675000,2230256,-1.414400,0
2020-06-29,6.2443147500,6.3261180000,6.2170470000,6.3261180000,1644654,-1.434700,0
2020-06-30,6.3624750000,6.2352255000,6.2352255000,6.3715642500,1553628,1.892300,0
2020-07-01,6.3352072500,6.3533857500,6.3079395000,6.3988320000,1138120,-0.428600,0
2020-07-02,6.4806352500,6.3352072500,6.3352072500,6.4988137500,2450422,2.295600,0
2020-07-03,6.6078847500,6.4715460000,6.4442782500,6.6442417500,2928240,1.963500,0
2020-07-06,6.7260450000,6.6169740000,6.5897062500,6.7714912500,5582491,1.788200,0
2020-07-07,6.7169557500,6.7624020000,6.6715095000,6.8442052500,3947092,-0.135100,0
2020-07-08,6.8078482500,6.7078665000,6.6805987500,6.8260267500,3930116,1.353200,0
2020-07-09,6.9532762500,6.8078482500,6.7987590000,6.9532762500,3679240,2.136200,0
2020-07-10,6.9441870000,6.9441870000,6.7805805000,6.9896332500,3542542,-0.130700,0
2020-07-13,7.0714365000,6.9441870000,6.9078300000,7.0896150000,3556062,1.832500,0
2020-07-14,7.3077570000,7.1077935000,7.0169010000,7.4168280000,6274856,3.341900,0
2020-07-15,6.9714547500,7.2441322500,6.9623655000,7.3259355000,3413460,-4.602000,0
2020-07-16,7.2986677500,6.9805440000,6.8714730000,7.3168462500,7304268,4.693600,0
2020-07-17,6.9987225000,7.2714000000,6.8987407500,7.2714000000,7373564,-4.109600,0
2020-07-20,7.0441687500,6.9078300000,6.7987590000,7.0623472500,4363540,0.649400,0
2020-07-21,7.4986312500,6.9987225000,6.9260085000,7.5713452500,8118489,6.451600,0
2020-07-22,7.1077935000,7.9440045000,7.0078117500,7.9440045000,17472894,-5.212100,0
2020-07-23,6.8714730000,6.8532945000,6.7714912500,6.9260085000,4749140,-3.324800,0
2020-07-24,6.7714912500,6.8623837500,6.7351342500,6.9078300000,3206600,-1.455000,0
2020-07-27,6.8442052500,6.8987407500,6.7624020000,6.9078300000,1648340,1.073800,0
2020-07-28,7.1441505000,6.8623837500,6.8532945000,7.2077752500,4646440,4.382500,0
2020-07-29,7.0805257500,7.2532215000,6.9714547500,7.4986312500,6806700,-0.890600,0
2020-07-30,6.9623655000,7.0350795000,6.9532762500,7.0714365000,3202780,-1.668800,0
2020-07-31,6.9987225000,6.8714730000,6.8714730000,6.9987225000,2750021,0.522200,0
2020-08-03,7.1168827500,6.9987225000,6.9350977500,7.1532397500,4455448,1.688300,0
2020-08-04,6.9987225000,7.1168827500,6.9532762500,7.1259720000,3503420,-1.660300,0
2020-08-05,6.9987225000,6.9714547500,6.9623655000,7.0441687500,2161940,0.000000,0
2020-08-06,6.9441870000,7.0078117500,6.9260085000,7.0259902500,2790760,-0.779200,0
2020-08-07,6.9441870000,6.9441870000,6.9350977500,6.9987225000,2048700,0.000000,0
2020-08-10,7.0350795000,6.9441870000,6.9350977500,7.0714365000,2560102,1.308900,0
2020-08-11,7.0623472500,7.0350795000,7.0259902500,7.2623107500,4798044,0.387600,0
2020-08-12,7.1623290000,7.0532580000,6.9532762500,7.1714182500,4232586,1.415700,0
2020-08-13,7.2623107500,7.1532397500,7.1350612500,7.3168462500,5783820,1.395900,0
2020-08-14,7.2623107500,7.2259537500,7.1895967500,7.3259355000,2378348,0.000000,0
2020-08-17,7.2623107500,7.2077752500,7.1986860000,7.3077570000,3536140,0.000000,0
2020-08-18,7.3622925000,7.2623107500,7.2350430000,7.4077387500,4667851,1.376700,0
2020-08-19,7.2168645000,7.3804710000,7.2077752500,7.3986495000,3924280,-1.975300,0
2020-08-20,7.1623290000,7.2168645000,7.0896150000,7.3350247500,2372594,-0.755700,0
2020-08-21,7.1714182500,7.1532397500,7.1077935000,7.2168645000,1968160,0.126900,0
2020-08-24,7.1259720000,7.1805075000,7.0896150000,7.1895967500,1900842,-0.633700,0
2020-08-25,7.0805257500,7.1259720000,7.0441687500,7.1623290000,2140174,-0.637800,0
2020-08-26,6.9896332500,7.0623472500,6.9805440000,7.1259720000,2023013,-1.283700,0
2020-08-27,7.3441140000,6.9987225000,6.9623655000,7.4986312500,6539840,5.071500,0
2020-08-28,7.1805075000,7.1168827500,7.0987042500,7.2532215000,5435834,-2.227700,0
2020-08-31,7.3350247500,7.1986860000,7.1714182500,7.4531850000,8272584,2.151900,0
2020-09-01,7.3441140000,7.3168462500,7.2168645000,7.3622925000,4193657,0.123900,0
2020-09-02,7.3168462500,7.3622925000,7.2259537500,7.3986495000,3099138,-0.371300,0
2020-09-03,7.3986495000,7.2895785000,7.2350430000,7.4531850000,4988080,1.118000,0
2020-09-04,7.3350247500,7.3350247500,7.2623107500,7.3713817500,2589894,-0.860000,0
2020-09-07,7.2259537500,7.3441140000,7.2077752500,7.4259172500,4805720,-1.487000,0
2020-09-08,7.2623107500,7.2441322500,7.1350612500,7.2986677500,2812969,0.503100,0
2020-09-09,7.1895967500,7.1895967500,7.1805075000,7.3441140000,3156640,-1.001300,0
2020-09-10,6.9078300000,7.2168645000,6.9078300000,7.2259537500,4053452,-3.919100,0
2020-09-11,6.9623655000,6.9169192500,6.8623837500,6.9714547500,1561477,0.789500,0
2020-09-14,7.0078117500,6.9805440000,6.9623655000,7.0532580000,1103920,0.652700,0
2020-09-15,7.1350612500,7.0078117500,6.9896332500,7.1350612500,2059220,1.815800,0
2020-09-16,7.1168827500,7.1623290000,6.9987225000,7.1986860000,2486662,-0.254800,0
2020-09-17,7.0623472500,7.1532397500,7.0078117500,7.1623290000,1535060,-0.766300,0
2020-09-18,7.1168827500,7.0805257500,6.9714547500,7.1350612500,2266201,0.772200,0
2020-09-21,7.0532580000,7.1168827500,7.0350795000,7.1623290000,1671782,-0.894000,0
2020-09-22,6.9260085000,7.0259902500,6.9169192500,7.0350795000,1434419,-1.804100,0
2020-09-23,6.9532762500,6.9169192500,6.8896515000,6.9805440000,741720,0.393700,0
2020-09-24,6.7805805000,6.9169192500,6.7714912500,6.9714547500,1832908,-2.483700,0
2020-09-25,6.7805805000,6.7805805000,6.7260450000,6.8169375000,1050900,0.000000,0
2020-09-28,6.6533310000,6.7987590000,6.6351525000,6.7987590000,1287482,-1.876700,0
2020-09-29,6.6533310000,6.6533310000,6.6078847500,6.7169557500,839379,0.000000,0
2020-09-30,6.6896880000,6.6624202500,6.6624202500,6.7896697500,746148,0.546400,0
2020-10-09,6.8623837500,6.7805805000,6.7351342500,6.9078300000,1586219,2.581500,0
2020-10-12,6.9714547500,6.8623837500,6.8623837500,6.9896332500,1863728,1.589400,0
2020-10-13,6.9441870000,6.9714547500,6.9169192500,7.0169010000,1536558,-0.391100,0
2020-10-14,6.9260085000,6.9169192500,6.8805622500,6.9896332500,1216180,-0.261800,0
2020-10-15,7.0714365000,6.9532762500,6.8896515000,7.1441505000,4001829,2.099700,0
2020-10-16,7.0896150000,7.0987042500,7.0078117500,7.1259720000,2315833,0.257100,0
2020-10-19,7.0532580000,7.0987042500,7.0259902500,7.2168645000,2002260,-0.512800,0
2020-10-20,7.1168827500,7.0441687500,6.9987225000,7.1168827500,1348320,0.902100,0
2020-10-21,7.0259902500,7.1168827500,7.0078117500,7.1623290000,1385600,-1.277100,0
2020-10-22,7.0169010000,7.0169010000,6.9350977500,7.0441687500,1404460,-0.129400,0
2020-10-23,6.9714547500,7.0441687500,6.9714547500,7.1805075000,2763438,-0.647700,0
2020-10-26,7.2077752500,6.9896332500,6.9623655000,7.2714000000,5061912,3.389800,0
2020-10-27,7.2804892500,7.2168645000,7.1350612500,7.3168462500,4230060,1.008800,0
2020-10-28,7.3804710000,7.2804892500,7.2259537500,7.4077387500,4259342,1.373300,0
2020-10-29,7.4259172500,7.3168462500,7.2804892500,7.4531850000,4595300,0.615800,0
2020-10-30,7.1623290000,7.4531850000,7.1623290000,7.4531850000,3873014,-3.549600,0
2020-11-02,7.4259172500,7.1714182500,7.1623290000,7.4895420000,4314940,3.680200,0
2020-11-03,7.4350065000,7.4531850000,7.3713817500,7.4713635000,2426555,0.122400,0
2020-11-04,7.4168280000,7.3986495000,7.3077570000,7.4804527500,2842060,-0.244500,0
2020-11-05,7.5349882500,7.4077387500,7.3713817500,7.5713452500,3373772,1.593100,0
2020-11-06,7.7076840000,7.4986312500,7.4077387500,7.7713087500,5572820,2.291900,0
2020-11-09,7.6349700000,7.7167732500,7.5622560000,7.7713087500,4685780,-0.943400,0
2020-11-10,7.5986130000,7.6804162500,7.4895420000,7.6804162500,3019948,-0.476200,0
2020-11-11,7.4077387500,7.5804345000,7.4077387500,7.6167915000,2966920,-2.512000,0
2020-11-12,7.4350065000,7.4440957500,7.3895602500,7.4713635000,1990409,0.368100,0
2020-11-13,7.4440957500,7.4350065000,7.3441140000,7.4440957500,2124865,0.122200,0
2020-11-16,7.5077205000,7.4440957500,7.4168280000,7.5258990000,2051152,0.854700,0
2020-11-17,7.4259172500,7.4804527500,7.3895602500,7.4895420000,1922960,-1.089600,0
2020-11-18,7.5531667500,7.4804527500,7.4622742500,7.6167915000,2598702,1.713600,0
2020-11-19,7.4168280000,7.4713635000,7.3895602500,7.5440775000,2377360,-1.805100,0
2020-11-20,7.3804710000,7.4168280000,7.3350247500,7.4531850000,2332020,-0.490200,0
2020-11-23,7.7440410000,7.3713817500,7.2714000000,7.8167550000,7374380,4.926100,0
2020-11-24,7.6531485000,7.7713087500,7.5713452500,7.7894872500,4849762,-1.173700,0
2020-11-25,7.5713452500,7.6713270000,7.5349882500,7.7076840000,2677060,-1.068900,0
2020-11-26,7.4259172500,7.5531667500,7.3895602500,7.5531667500,2334940,-1.920800,0
2020-11-27,7.4622742500,7.4077387500,7.3168462500,7.4713635000,2309800,0.489600,0
2020-11-30,7.2895785000,7.4259172500,7.2804892500,7.4622742500,2978600,-2.314300,0
2020-12-01,7.3350247500,7.2804892500,7.2804892500,7.3713817500,2072040,0.623400,0
2020-12-02,7.3259355000,7.3622925000,7.2441322500,7.3622925000,1774060,-0.123900,0
2020-12-03,7.3350247500,7.2804892500,7.2804892500,7.3895602500,1540813,0.124100,0
2020-12-04,7.3168462500,7.3532032500,7.2895785000,7.3804710000,1252234,-0.247800,0
2020-12-07,7.3077570000,7.3168462500,7.2714000000,7.3986495000,1972480,-0.124200,0
2020-12-08,7.3713817500,7.3259355000,7.2986677500,7.3986495000,1367640,0.870600,0
2020-12-09,7.2714000000,7.3622925000,7.2714000000,7.3895602500,1372000,-1.356400,0
2020-12-10,7.1168827500,7.2441322500,7.1077935000,7.2714000000,2277500,-2.125000,0
2020-12-11,6.9078300000,7.0987042500,6.8260267500,7.1441505000,2963545,-2.937400,0
2020-12-14,7.0350795000,6.9260085000,6.9260085000,7.0714365000,1647965,1.842100,0
2020-12-15,7.0078117500,7.0169010000,6.9350977500,7.0987042500,1416638,-0.387600,0
2020-12-16,6.9260085000,6.9896332500,6.9169192500,7.0441687500,1081780,-1.167300,0
2020-12-17,6.9441870000,6.9260085000,6.7805805000,6.9623655000,1337980,0.262500,0
2020-12-18,6.7805805000,6.9441870000,6.7533127500,6.9714547500,2011942,-2.356000,0
2020-12-21,6.8442052500,6.8260267500,6.7260450000,6.8987407500,1239341,0.938300,0
2020-12-22,6.8169375000,6.8623837500,6.7805805000,6.9714547500,1561860,-0.398400,0
2020-12-23,6.8351160000,6.7805805000,6.7442235000,6.8987407500,807841,0.266700,0
2020-12-24,6.6442417500,6.8532945000,6.6351525000,6.8532945000,1485200,-2.792600,0
2020-12-25,6.6987772500,6.6715095000,6.5897062500,6.7533127500,880239,0.820800,0
2020-12-28,6.5806170000,6.7078665000,6.5533492500,6.7260450000,1473060,-1.763900,0
2020-12-29,6.6169740000,6.5715277500,6.5442600000,6.6715095000,1122180,0.552500,0
2020-12-30,6.5987955000,6.6351525000,6.5715277500,6.7169557500,1201440,-0.274700,0
2020-12-31,6.6805987500,6.5806170000,6.5715277500,6.6896880000,1232560,1.239700,0
2021-01-04,6.7260450000,6.6896880000,6.6351525000,6.7805805000,1215200,0.680300,0
2021-01-05,6.7624020000,6.7169557500,6.6715095000,6.7714912500,1415689,0.540500,0
2021-01-06,6.7078665000,6.7260450000,6.6715095000,6.7624020000,854249,-0.806500,0
2021-01-07,6.4806352500,6.7169557500,6.4260997500,6.7260450000,1892122,-3.387500,0
2021-01-08,6.5169922500,6.4806352500,6.1897792500,6.5533492500,1687498,0.561000,0
2021-01-11,6.3624750000,6.5442600000,6.3170287500,6.5715277500,1397800,-2.371000,0
2021-01-12,6.3442965000,6.4170105000,6.2715825000,6.4260997500,1165700,-0.285700,0
2021-01-13,6.2170470000,6.3442965000,6.1897792500,6.3442965000,1513540,-2.005700,0
2021-01-14,6.2534040000,6.2261362500,6.1806900000,6.2806717500,1009595,0.584800,0
2021-01-15,6.3261180000,6.2534040000,6.2261362500,6.3806535000,1094600,1.162800,0
2021-01-18,6.3715642500,6.3261180000,6.3261180000,6.4260997500,1397080,0.718400,0
2021-01-19,6.4533675000,6.4079212500,6.3624750000,6.4715460000,1081055,1.283900,0
2021-01-20,6.4170105000,6.4806352500,6.3715642500,6.4806352500,798160,-0.563400,0
2021-01-21,6.3988320000,6.4170105000,6.3715642500,6.4442782500,816640,-0.283300,0
2021-01-22,6.2624932500,6.3715642500,6.2170470000,6.4442782500,1408829,-2.130700,0
2021-01-25,6.1988685000,6.2897610000,6.1806900000,6.2897610000,1142140,-1.016000,0
2021-01-26,6.1897792500,6.1988685000,6.1443330000,6.2261362500,970410,-0.146600,0
2021-01-27,6.1897792500,6.2352255000,6.1534222500,6.2352255000,772720,0.000000,0
2021-01-28,6.0807082500,6.1897792500,6.0716190000,6.2079577500,1957480,-1.762100,0
2021-01-29,6.2988502500,6.1170652500,6.0534405000,6.3533857500,2157009,3.587400,0
2021-02-01,6.2079577500,6.2715825000,6.1261545000,6.2715825000,1499000,-1.443000,0
2021-02-02,6.1534222500,6.1806900000,6.0988867500,6.2443147500,1084059,-0.878500,0
2021-02-03,6.1170652500,6.1170652500,6.1079760000,6.2079577500,889869,-0.590800,0
2021-02-04,5.9443695000,6.1443330000,5.9080125000,6.1806900000,1225980,-2.823200,0
2021-02-05,5.7989415000,5.9625480000,5.7898522500,5.9898157500,997360,-2.446500,0
2021-02-08,5.9898157500,5.8352985000,5.8080307500,6.0261727500,1006009,3.291500,0
2021-02-09,6.0897975000,5.9898157500,5.9171017500,6.0897975000,922060,1.669200,0
2021-02-10,6.0261727500,6.0897975000,5.9443695000,6.1261545000,768660,-1.044800,0
2021-02-18,6.1352437500,6.0534405000,6.0261727500,6.1534222500,889520,1.810000,0
2021-02-19,6.2715825000,6.1352437500,6.0807082500,6.2897610000,1367670,2.222200,0
2021-02-22,6.3079395000,6.3079395000,6.2534040000,6.4260997500,1520236,0.579700,0
2021-02-23,6.3624750000,6.3079395000,6.2443147500,6.4079212500,1433679,0.864600,0
2021-02-24,6.3533857500,6.3624750000,6.3079395000,6.4079212500,898100,-0.142900,0
2021-02-25,6.2715825000,6.3352072500,6.2624932500,6.3624750000,1048018,-1.287600,0
2021-02-26,6.3442965000,6.2624932500,6.2170470000,6.4351890000,1776962,1.159400,0
2021-03-01,6.4351890000,6.3079395000,6.3079395000,6.4351890000,1407360,1.432700,0
2021-03-02,6.2806717500,6.3715642500,6.2261362500,6.4351890000,1455400,-2.401100,0
2021-03-03,6.3352072500,6.2715825000,6.2534040000,6.3533857500,1066579,0.868300,0
2021-03-04,6.3261180000,6.3170287500,6.3079395000,6.3988320000,1181980,-0.143500,0
2021-03-05,6.3715642500,6.3079395000,6.2715825000,6.3715642500,855272,0.718400,0
2021-03-08,6.2988502500,6.4260997500,6.2988502500,6.4260997500,1274900,-1.141200,0
2021-03-09,6.3170287500,6.2897610000,6.1352437500,6.3806535000,1651980,0.288600,0
2021-03-10,6.2988502500,6.2988502500,6.2261362500,6.3352072500,1045720,-0.287800,0
2021-03-11,6.2897610000,6.2988502500,6.2170470000,6.2988502500,743560,-0.144300,0
2021-03-12,6.3170287500,6.2715825000,6.2079577500,6.3170287500,1324060,0.433500,0
2021-03-15,6.3352072500,6.3170287500,6.2624932500,6.3988320000,997140,0.287800,0
2021-03-16,6.4897245000,6.3170287500,6.3170287500,6.5169922500,1930140,2.439000,0
2021-03-17,6.4624567500,6.5351707500,6.4079212500,6.5351707500,952500,-0.420200,0
2021-03-18,6.5169922500,6.4533675000,6.4351890000,6.5715277500,1269494,0.843900,0
2021-03-19,6.5169922500,6.4897245000,6.4533675000,6.6260632500,1406880,0.000000,0
2021-03-22,6.5806170000,6.5169922500,6.4442782500,6.5987955000,1921390,0.976300,0
2021-03-23,6.5169922500,6.5533492500,6.4897245000,6.5806170000,1010920,-0.966900,0
2021-03-24,6.4988137500,6.4988137500,6.4624567500,6.5260815000,592480,-0.278900,0
2021-03-25,6.5624385000,6.5533492500,6.5169922500,6.6715095000,1973080,0.979000,0
2021-03-26,6.7078665000,6.5897062500,6.5897062500,6.7533127500,2604481,2.216100,0
2021-03-29,6.6351525000,6.7260450000,6.5715277500,6.7260450000,1754205,-1.084000,0
2021-03-30,6.5897062500,6.5987955000,6.5806170000,6.6805987500,1265260,-0.684900,0
2021-03-31,6.5260815000,6.5442600000,6.4806352500,6.5533492500,1277680,-0.965500,0
2021-04-01,6.5897062500,6.5442600000,6.5442600000,6.7260450000,1860500,0.974900,0
2021-04-02,6.5987955000,6.6078847500,6.5169922500,6.6533310000,1291240,0.137900,0
2021-04-06,6.7351342500,6.5897062500,6.5351707500,6.7896697500,1999608,2.066100,0
2021-04-07,6.7169557500,6.6987772500,6.6715095000,6.7624020000,1829784,-0.269900,0
2021-04-08,6.6987772500,6.7169557500,6.6805987500,6.7896697500,1620068,-0.270600,0
2021-04-09,6.6715095000,6.7169557500,6.6078847500,6.7442235000,1316245,-0.407100,0
2021-04-12,6.5987955000,6.6260632500,6.5806170000,6.7169557500,1219670,-1.089900,0
2021-04-13,6.5897062500,6.5987955000,6.5442600000,6.7169557500,1597380,-0.137700,0
2021-04-14,7.0714365000,6.9260085000,6.8532945000,7.1623290000,9863340,7.310300,0
2021-04-15,7.0987042500,6.9078300000,6.9078300000,7.1532397500,6249428,0.385600,0
2021-04-16,7.2259537500,7.0896150000,7.0078117500,7.3441140000,7183452,1.792600,0
2021-04-19,7.1895967500,7.2441322500,7.1532397500,7.3259355000,4684887,-0.503100,0
2021-04-20,7.3713817500,7.1805075000,7.1805075000,7.4622742500,5198697,2.528400,0
2021-04-21,7.3804710000,7.3622925000,7.2895785000,7.3986495000,2492220,0.123300,0
2021-04-22,7.3532032500,7.3441140000,7.2804892500,7.3804710000,2727060,-0.369500,0
2021-04-23,8.0894325000,7.6895055000,7.6349700000,8.0894325000,11482735,10.012400,0
2021-04-26,8.3621100000,8.8983757500,8.3166637500,8.8983757500,29783468,3.370800,0
2021-04-27,7.6440592500,8.2712175000,7.5531667500,8.3893777500,22861753,-8.587000,0
2021-04-28,7.7349517500,7.6622377500,7.6622377500,8.0258077500,13091088,1.189100,0
2021-04-29,8.5075380000,7.7258625000,7.6713270000,8.5075380000,14920273,9.988200,0
2021-04-30,8.3802885000,8.7620370000,8.2893960000,8.9620005000,18750856,-1.495700,0
2021-05-06,8.4530025000,8.5166272500,8.2166820000,8.6075197500,11857327,0.867700,0
2021-05-07,8.2621282500,8.3711992500,8.1621465000,8.4620917500,10342500,-2.258100,0
2021-05-10,8.2984852500,8.1985035000,8.0894325000,8.3166637500,7963079,0.440000,0
2021-05-11,8.1167002500,8.2166820000,7.8803797500,8.2166820000,8081711,-2.190600,0
2021-05-12,8.3530207500,8.0712540000,8.0167185000,8.3711992500,8608215,2.911500,0
2021-05-13,9.1892317500,8.2712175000,8.1894142500,9.1892317500,14383107,10.010900,0
2021-05-14,10.1072460000,9.7164082500,9.7164082500,10.1072460000,12930447,9.990100,0
2021-05-17,9.2437672500,11.1070635000,9.2074102500,11.1161527500,33730686,-8.543200,0
2021-05-18,8.9892682500,9.0892500000,8.8165725000,9.2255887500,20160022,-2.753200,0
2021-05-19,9.4073737500,8.9074650000,8.9074650000,9.5891587500,18312460,4.651200,0
2021-05-20,9.0983392500,9.2074102500,9.0347145000,9.4073737500,13847094,-3.285000,0
2021-05-21,9.4982662500,9.0892500000,9.0892500000,9.6800512500,14332182,4.395600,0
2021-05-24,9.4346415000,9.3710167500,9.3164812500,9.6073372500,11128420,-0.669900,0
2021-05-25,9.4800877500,9.3346597500,9.1892317500,9.6800512500,11940345,0.481700,0
2021-05-26,9.1528747500,9.4073737500,9.0983392500,9.4800877500,12980677,-3.451600,0
2021-05-27,9.2164995000,9.1437855000,8.9983575000,9.2437672500,7469010,0.695100,0
2021-05-28,9.2437672500,9.2437672500,9.1165177500,9.4346415000,6648430,0.295900,0
2021-05-31,9.2528565000,9.1710532500,9.0438037500,9.2983027500,7051840,0.098300,0
2021-06-01,9.7982115000,9.4982662500,9.3891952500,10.0890675000,18047824,5.893900,0
2021-06-02,9.9618180000,9.7254975000,9.5528017500,10.2890310000,15744271,1.669800,0
2021-06-03,9.7073190000,9.8436577500,9.6800512500,9.9981750000,9308565,-2.554700,0
2021-06-04,9.8073007500,9.6346050000,9.5709802500,9.9890857500,9215580,1.030000,0
2021-06-07,9.6527835000,9.7073190000,9.5709802500,9.9072825000,8544260,-1.575500,0
2021-06-08,9.9799965000,9.6346050000,9.4619092500,10.0527105000,15076880,3.389800,0
2021-06-09,9.2000000000,9.6000000000,8.9800000000,9.6500000000,15022781,-7.815600,0
2021-06-10,9.2400000000,9.0300000000,9.0200000000,9.9800000000,11291627,0.434800,0
2021-06-11,8.8000000000,9.2300000000,8.7900000000,9.4200000000,10349380,-4.761900,0
2021-06-15,8.3600000000,8.7700000000,8.3600000000,8.8000000000,9568800,-5.000000,0
2021-06-16,8.2300000000,8.4300000000,8.2000000000,8.4500000000,3800600,-1.555000,0
2021-06-17,8.2400000000,8.2900000000,8.1600000000,8.3500000000,3059760,0.121500,0
2021-06-18,8.2000000000,8.3000000000,8.1400000000,8.3000000000,3953640,-0.485400,0
2021-06-21,9.0200000000,8.2700000000,8.1300000000,9.0200000000,8693857,10.000000,0
2021-06-22,9.0500000000,9.2100000000,8.9500000000,9.3300000000,9664772,0.332600,0
2021-06-23,8.9600000000,9.1600000000,8.8300000000,9.1600000000,5392510,-0.994500,0
2021-06-24,9.1700000000,8.9600000000,8.8800000000,9.2200000000,6220740,2.343800,0
2021-06-25,9.1000000000,9.0800000000,8.9100000000,9.1700000000,4751440,-0.763400,0
2021-06-28,9.1700000000,9.0500000000,9.0200000000,9.3200000000,5670224,0.769200,0
2021-06-29,9.8800000000,9.2500000000,9.2000000000,9.9500000000,13352876,7.742600,0
2021-06-30,9.4900000000,9.7600000000,9.4000000000,9.7700000000,8844547,-3.947400,0
2021-07-01,9.5900000000,9.4800000000,9.4600000000,9.8300000000,8332780,1.053700,0
2021-07-02,9.5200000000,9.6800000000,9.4200000000,9.6800000000,5877560,-0.729900,0
2021-07-05,9.7300000000,9.5400000000,9.5300000000,9.8000000000,5839680,2.205900,0
2021-07-06,9.8000000000,9.6300000000,9.5400000000,9.8200000000,5631380,0.719400,0
2021-07-07,9.6900000000,9.7000000000,9.4800000000,9.8000000000,5122056,-1.122400,0
2021-07-08,9.4400000000,9.6500000000,9.3300000000,9.6900000000,5732210,-2.580000,0
2021-07-09,9.3300000000,9.4100000000,9.0000000000,9.4100000000,4894248,-1.165300,0
2021-07-12,9.7800000000,9.4400000000,9.2000000000,9.8300000000,9686940,4.823200,0
2021-07-13,10.2800000000,9.9900000000,9.8700000000,10.3300000000,10420560,5.112500,0
2021-07-14,10.6100000000,10.2000000000,9.9900000000,10.7800000000,14989119,3.210100,0
2021-07-15,10.5900000000,10.5000000000,10.2500000000,10.7500000000,12636600,-0.188500,0
2021-07-16,10.2300000000,10.5900000000,10.1000000000,10.6000000000,8913920,-3.399400,0
2021-07-19,9.8000000000,10.4000000000,9.7300000000,10.4100000000,9643760,-4.203300,0
2021-07-20,9.6000000000,9.6500000000,9.4400000000,9.8300000000,7526120,-2.040800,0
2021-07-21,9.5400000000,9.6200000000,9.4500000000,9.8700000000,6470482,-0.625000,0
2021-07-22,9.7100000000,9.6400000000,9.5100000000,9.7500000000,5528620,1.782000,0
2021-07-23,9.0100000000,9.7100000000,9.0000000000,9.7100000000,9324160,-7.209100,0
2021-07-26,8.7000000000,8.9500000000,8.5800000000,9.0500000000,6420820,-3.440600,0
2021-07-27,8.5400000000,8.7000000000,8.4900000000,8.7700000000,3661001,-1.839100,0
2021-07-28,8.3400000000,8.5400000000,8.1300000000,8.5500000000,4607440,-2.341900,0
2021-07-29,8.3900000000,8.4400000000,8.3600000000,8.6300000000,4214597,0.599500,0
2021-07-30,8.6100000000,8.3700000000,8.2000000000,8.7000000000,5404538,2.622200,0
2021-08-02,8.8400000000,8.5500000000,8.4800000000,8.8700000000,3960879,2.671300,0
2021-08-03,8.7600000000,8.8000000000,8.6800000000,8.9500000000,3798988,-0.905000,0
2021-08-04,9.1300000000,8.7800000000,8.7600000000,9.5900000000,9493480,4.223700,0
2021-08-05,9.0400000000,9.1300000000,8.9100000000,9.2000000000,3836928,-0.985800,0
2021-08-06,8.7800000000,9.0700000000,8.6900000000,9.0700000000,4080440,-2.876100,0
2021-08-09,8.8000000000,8.7400000000,8.7400000000,8.9000000000,2749160,0.227800,0
2021-08-10,8.8900000000,8.8500000000,8.7500000000,8.9400000000,3428980,1.022700,0
2021-08-11,8.8800000000,8.8800000000,8.8500000000,8.9900000000,2679060,-0.112500,0
2021-08-12,8.8200000000,8.9200000000,8.7700000000,8.9200000000,3101360,-0.675700,0
2021-08-13,8.9000000000,8.8600000000,8.7700000000,8.9300000000,2702002,0.907000,0
2021-08-16,9.0700000000,8.9100000000,8.9000000000,9.1600000000,3531329,1.910100,0
2021-08-17,8.6700000000,9.0700000000,8.6000000000,9.0800000000,4744940,-4.410100,0
2021-08-18,8.7400000000,8.6600000000,8.6300000000,8.8200000000,2691544,0.807400,0
2021-08-19,8.6000000000,8.7400000000,8.5700000000,8.8000000000,3110200,-1.601800,0
2021-08-20,8.6800000000,8.5900000000,8.3600000000,8.6900000000,3809840,0.930200,0
2021-08-23,9.0600000000,8.6600000000,8.6300000000,9.1700000000,5418200,4.377900,0
2021-08-24,9.2800000000,9.0600000000,9.0500000000,9.3500000000,5592201,2.428300,0
2021-08-25,9.4000000000,9.3000000000,9.1700000000,9.4200000000,4646133,1.293100,0
2021-08-26,9.6600000000,9.3800000000,9.3800000000,9.7200000000,7087380,2.766000,0
2021-08-27,9.4000000000,9.5600000000,9.2300000000,9.7600000000,8802101,-2.691500,0
2021-08-30,9.2200000000,9.3300000000,9.2000000000,9.4200000000,4779881,-1.914900,0
2021-08-31,9.2400000000,9.2200000000,9.2200000000,9.4000000000,3671420,0.216900,0
2021-09-01,9.7600000000,9.2000000000,9.2000000000,10.0800000000,10851649,5.627700,0
2021-09-02,9.7000000000,9.6800000000,9.5800000000,9.8500000000,6107620,-0.614800,0
2021-09-03,9.7400000000,9.8500000000,9.5800000000,9.8500000000,5027992,0.412400,0
2021-09-06,10.1800000000,9.7800000000,9.6900000000,10.2300000000,8930360,4.517500,0
2021-09-07,10.2100000000,10.2300000000,10.1100000000,10.3500000000,5914602,0.294700,0
2021-09-08,10.2200000000,10.2300000000,10.0700000000,10.3100000000,5846931,0.097900,0
2021-09-09,10.2800000000,10.1800000000,10.1000000000,10.4500000000,5082206,0.587100,0
2021-09-10,10.2900000000,10.2200000000,10.1200000000,10.4800000000,5550498,0.097300,0
2021-09-13,10.8200000000,10.2700000000,10.0300000000,10.9700000000,10492117,5.150600,0
2021-09-14,10.3200000000,10.8900000000,10.2200000000,10.9200000000,7361523,-4.621100,0
2021-09-15,10.4800000000,10.2900000000,10.1300000000,10.5400000000,4679198,1.550400,0
2021-09-16,10.2300000000,10.5400000000,10.1300000000,10.6500000000,4680540,-2.385500,0
2021-09-17,10.1600000000,10.3000000000,9.8700000000,10.3300000000,4539749,-0.684300,0
2021-09-22,10.1200000000,10.0400000000,9.9200000000,10.1700000000,3127600,-0.393700,0
2021-09-23,10.2000000000,10.1100000000,10.0700000000,10.4000000000,3032840,0.790500,0
2021-09-24,10.3100000000,10.2300000000,10.1000000000,10.6900000000,7837420,1.078400,0
2021-09-27,9.6800000000,10.3800000000,9.5600000000,10.4500000000,6671802,-6.110600,0
2021-09-28,9.7700000000,9.6000000000,9.5500000000,9.8500000000,3020127,0.929800,0
2021-09-29,9.3600000000,9.6700000000,9.3000000000,9.7600000000,4971532,-4.196500,0
2021-09-30,9.7700000000,9.3700000000,9.3700000000,9.7800000000,2924020,4.380300,0
2021-10-08,10.7500000000,9.8500000000,9.7900000000,10.7500000000,10508307,10.030700,0
2021-10-11,11.0200000000,10.9600000000,10.4800000000,11.3400000000,16239327,2.511600,0
2021-10-12,11.5800000000,10.9900000000,10.8600000000,11.9500000000,21255734,5.081700,0
2021-10-13,11.5000000000,11.3400000000,11.3200000000,11.8600000000,14609221,-0.690800,0
2021-10-14,12.6500000000,11.6000000000,11.4100000000,12.6500000000,13038604,10.000000,0
2021-10-15,11.3900000000,11.9000000000,11.3900000000,11.9900000000,4622665,-9.960500,0
2021-10-18,10.2500000000,10.5800000000,10.2500000000,10.8100000000,15481693,-10.008800,0
2021-10-19,9.8900000000,10.4000000000,9.8500000000,10.4000000000,21180307,-3.512200,0
2021-10-20,9.8200000000,9.8200000000,9.6500000000,9.9500000000,12793544,-0.707800,0
2021-10-21,9.6800000000,9.7500000000,9.6600000000,9.8900000000,10462642,-1.425700,0
2021-10-22,9.2500000000,9.7200000000,9.1900000000,9.7500000000,12721678,-4.442100,0
2021-10-25,9.3600000000,9.2000000000,9.0800000000,9.3600000000,6255105,1.189200,0
2021-10-26,9.0600000000,9.3200000000,9.0400000000,9.3400000000,7003357,-3.205100,0
2021-10-27,8.9600000000,9.1100000000,8.8000000000,9.1100000000,5248267,-1.103800,0
2021-10-28,8.6900000000,8.9100000000,8.6500000000,9.0000000000,5090408,-3.013400,0
2021-10-29,8.8800000000,8.7400000000,8.7100000000,8.9400000000,3844903,2.186400,0
2021-11-01,9.0000000000,8.8400000000,8.7400000000,9.0900000000,4761313,1.351400,0
2021-11-02,8.5700000000,9.0200000000,8.4100000000,9.0800000000,8746473,-4.777800,0
2021-11-03,8.6500000000,8.5700000000,8.5200000000,8.6800000000,3433594,0.933500,0
2021-11-04,8.5900000000,8.6700000000,8.5600000000,8.6800000000,3526169,-0.693600,0
2021-11-05,8.3700000000,8.6000000000,8.3600000000,8.6000000000,4166389,-2.561100,0
2021-11-08,8.4300000000,8.3400000000,8.3000000000,8.4400000000,2307125,0.716800,0
2021-11-09,8.4500000000,8.4000000000,8.3500000000,8.4700000000,2179109,0.237200,0
2021-11-10,8.6800000000,8.4500000000,8.3000000000,8.6900000000,4869671,2.721900,0
2021-11-11,8.6800000000,8.6500000000,8.5900000000,8.7500000000,4679016,0.000000,0
2021-11-12,8.7000000000,8.6800000000,8.6200000000,8.7200000000,2606813,0.230400,0
2021-11-15,8.8300000000,8.7100000000,8.6700000000,8.8700000000,3934045,1.494300,0
2021-11-16,8.8800000000,8.8400000000,8.8100000000,8.9600000000,4400363,0.566300,0
2021-11-17,8.9000000000,8.8700000000,8.7900000000,8.9200000000,3430474,0.225200,0
2021-11-18,8.8300000000,8.9200000000,8.8200000000,8.9200000000,2324280,-0.786500,0
2021-11-19,8.7500000000,8.8400000000,8.7000000000,8.8500000000,3060483,-0.906000,0
2021-11-22,8.7700000000,8.7800000000,8.7000000000,8.8000000000,2184206,0.228600,0
2021-11-23,8.8900000000,8.7500000000,8.7400000000,8.8900000000,3041460,1.368300,0
2021-11-24,9.2400000000,8.8900000000,8.8100000000,9.2500000000,9728205,3.937000,0
2021-11-25,9.1200000000,9.2300000000,9.0500000000,9.2300000000,4821906,-1.298700,0
2021-11-26,9.0700000000,9.1500000000,9.0200000000,9.1600000000,2334231,-0.548200,0
2021-11-29,9.2600000000,8.9800000000,8.8500000000,9.3000000000,5192483,2.094800,0
2021-11-30,9.2700000000,9.3100000000,9.1500000000,9.3400000000,4161915,0.108000,0
2021-12-01,9.2800000000,9.2000000000,9.1500000000,9.3600000000,3026508,0.107900,0
2021-12-02,9.3000000000,9.2800000000,9.2100000000,9.3600000000,2806891,0.215500,0
2021-12-03,9.3300000000,9.3000000000,9.2800000000,9.3700000000,2169300,0.322600,0
2021-12-06,9.2100000000,9.3500000000,9.1800000000,9.3700000000,2813587,-1.286200,0
2021-12-07,9.2400000000,9.2200000000,9.0500000000,9.3000000000,2750532,0.325700,0
2021-12-08,9.8400000000,9.2300000000,9.1900000000,9.9400000000,9585874,6.493500,0
2021-12-09,10.3900000000,9.9100000000,9.7800000000,10.6700000000,13991108,5.589400,0
2021-12-10,9.9900000000,10.3200000000,9.9900000000,10.3900000000,10220300,-3.849900,0
2021-12-13,9.7200000000,10.1000000000,9.7000000000,10.2900000000,8003629,-2.702700,0
2021-12-14,9.7800000000,9.7600000000,9.6600000000,9.8800000000,3530858,0.617300,0
2021-12-15,9.7500000000,9.7600000000,9.6800000000,9.8500000000,2839841,-0.306700,0
2021-12-16,9.8700000000,9.7400000000,9.7100000000,10.0400000000,3660781,1.230800,0
2021-12-17,9.7700000000,9.8500000000,9.7500000000,9.9800000000,2239020,-1.013200,0
2021-12-20,9.5800000000,9.7600000000,9.5600000000,9.8200000000,2655380,-1.944700,0
2021-12-21,10.0600000000,9.5800000000,9.5800000000,10.1500000000,4320867,5.010400,0
2021-12-22,9.9300000000,10.0200000000,9.8400000000,10.0600000000,2451480,-1.292200,0
2021-12-23,9.7700000000,9.9000000000,9.7100000000,9.9300000000,2270740,-1.611300,0
2021-12-24,9.6500000000,9.8100000000,9.6500000000,9.8300000000,1862980,-1.228200,0
2021-12-27,10.2400000000,9.6100000000,9.6100000000,10.2600000000,6713916,6.114000,0
2021-12-28,9.9400000000,10.2500000000,9.8900000000,10.2700000000,4513440,-2.929700,0
2021-12-29,10.1600000000,9.9200000000,9.8100000000,10.2400000000,3695900,2.213300,0
2021-12-30,10.1400000000,10.1100000000,10.0100000000,10.1700000000,2738141,-0.196900,0
2021-12-31,10.1300000000,10.1500000000,9.9600000000,10.2100000000,2743941,-0.098600,0
2022-01-04,10.2900000000,10.1000000000,10.0600000000,10.4900000000,4393500,1.579500,0
2022-01-05,10.3500000000,10.2800000000,10.2400000000,10.7000000000,5709360,0.583100,0
2022-01-06,10.4600000000,10.2600000000,10.2500000000,10.6400000000,3557580,1.062800,0
2022-01-07,10.0000000000,10.4100000000,9.9900000000,10.5100000000,6046701,-4.397700,0
2022-01-10,10.0700000000,9.9600000000,9.8200000000,10.1800000000,4983250,0.700000,0
2022-01-11,10.2200000000,10.0100000000,10.0100000000,10.4000000000,3858463,1.489600,0
2022-01-12,10.2700000000,10.2200000000,10.1600000000,10.3900000000,2806328,0.489200,0
2022-01-13,10.0900000000,10.2000000000,10.0900000000,10.3500000000,2157800,-1.752700,0
2022-01-14,9.8900000000,10.0800000000,9.8800000000,10.2200000000,3634900,-1.982200,0
2022-01-17,9.7600000000,9.8000000000,9.6400000000,10.0200000000,4291745,-1.314500,0
2022-01-18,9.4300000000,9.7400000000,9.3700000000,9.8500000000,4831410,-3.381100,0
2022-01-19,9.5200000000,9.4300000000,9.3500000000,9.6000000000,2179015,0.954400,0
2022-01-20,9.1900000000,9.5200000000,9.1800000000,9.5500000000,2830700,-3.466400,0
2022-01-21,9.2100000000,9.1100000000,9.1100000000,9.3100000000,1575220,0.217600,0
2022-01-24,9.2500000000,9.1200000000,9.0900000000,9.3600000000,1540745,0.434300,0
2022-01-25,8.8900000000,9.2600000000,8.8600000000,9.3000000000,2414883,-3.891900,0
2022-01-26,9.1300000000,8.8900000000,8.8900000000,9.1900000000,1706522,2.699700,0
2022-01-27,8.9500000000,9.1100000000,8.9000000000,9.1100000000,1443000,-1.971500,0
2022-01-28,9.1800000000,8.9500000000,8.9200000000,9.2100000000,1808300,2.569800,0
2022-02-07,9.4000000000,9.2300000000,9.1800000000,9.4500000000,2076200,2.396500,0
2022-02-08,9.4300000000,9.4000000000,9.3200000000,9.5400000000,1796672,0.319100,0
2022-02-09,9.4700000000,9.4300000000,9.3700000000,9.5200000000,1529320,0.424200,0
2022-02-10,9.4500000000,9.4300000000,9.3500000000,9.5200000000,1441800,-0.211200,0
2022-02-11,9.3000000000,9.4300000000,9.2500000000,9.4600000000,1392580,-1.587300,0
2022-02-14,9.3500000000,9.2900000000,9.2100000000,9.4300000000,1417643,0.537600,0
2022-02-15,9.3500000000,9.2900000000,9.2600000000,9.5600000000,1460423,0.000000,0
2022-02-16,9.4200000000,9.3500000000,9.2900000000,9.4500000000,1294800,0.748700,0
2022-02-17,9.4100000000,9.3900000000,9.3500000000,9.4900000000,1437400,-0.106200,0
2022-02-18,9.5000000000,9.3700000000,9.3300000000,9.5400000000,1216200,0.956400,0
2022-02-21,9.6600000000,9.4800000000,9.4800000000,9.6700000000,1874572,1.684200,0
2022-02-22,9.5800000000,9.6600000000,9.5100000000,9.6800000000,1372000,-0.828200,0
2022-02-23,9.6500000000,9.5700000000,9.5400000000,9.6700000000,1091400,0.730700,0
2022-02-24,9.3300000000,9.6300000000,9.2400000000,9.6300000000,2095500,-3.316100,0
2022-02-25,9.3600000000,9.3500000000,9.3300000000,9.5800000000,1381860,0.321500,0
2022-02-28,9.1900000000,9.4200000000,9.1000000000,9.4200000000,1581940,-1.816200,0
2022-03-01,9.2600000000,9.2700000000,9.2200000000,9.3200000000,1197200,0.761700,0
2022-03-02,9.4500000000,9.2400000000,9.2100000000,9.4600000000,1296300,2.051800,0
2022-03-03,9.4800000000,9.4800000000,9.3800000000,9.5600000000,1315393,0.317500,0
2022-03-04,9.3700000000,9.4700000000,9.3300000000,9.5000000000,1030200,-1.160300,0
2022-03-07,9.2900000000,9.3300000000,9.2500000000,9.4100000000,1131060,-0.853800,0
2022-03-08,8.9700000000,9.2100000000,8.9000000000,9.3700000000,2472840,-3.444600,0
2022-03-09,8.7400000000,8.9500000000,8.4300000000,9.0200000000,2480005,-2.564100,0
2022-03-10,8.8000000000,8.8800000000,8.7600000000,8.9800000000,1221800,0.686500,0
2022-03-11,8.8800000000,8.7000000000,8.6000000000,8.9000000000,1612603,0.909100,0
2022-03-14,8.6700000000,8.8100000000,8.6600000000,8.9700000000,1570840,-2.364900,0
2022-03-15,8.4800000000,8.6800000000,8.4500000000,8.8700000000,2658640,-2.191500,0
2022-03-16,8.4700000000,8.5600000000,8.2000000000,8.6500000000,1828120,-0.117900,0
2022-03-17,8.6700000000,8.5800000000,8.5200000000,8.7700000000,1549340,2.361300,0
2022-03-18,8.7700000000,8.5800000000,8.5800000000,8.8100000000,913300,1.153400,0
2022-03-21,8.8500000000,8.7700000000,8.7300000000,8.8600000000,891400,0.912200,0
2022-03-22,8.8600000000,8.8100000000,8.7000000000,8.9200000000,1084000,0.113000,0
2022-03-23,8.8500000000,8.9100000000,8.7400000000,8.9500000000,1246800,-0.112900,0
2022-03-24,8.7100000000,8.8400000000,8.6900000000,8.8900000000,954520,-1.581900,0
2022-03-25,8.8900000000,8.7300000000,8.7100000000,9.0400000000,1664580,2.066600,0
2022-03-28,8.7800000000,8.8900000000,8.7200000000,8.9100000000,1143360,-1.237300,0
2022-03-29,8.7000000000,8.7800000000,8.6600000000,8.8600000000,982820,-0.911200,0
2022-03-30,8.7500000000,8.7200000000,8.7000000000,8.7900000000,866211,0.574700,0
2022-03-31,8.7800000000,8.7300000000,8.7200000000,8.9200000000,990460,0.342900,0
2022-04-01,8.7700000000,8.7300000000,8.7000000000,8.8200000000,1124580,-0.113900,0
2022-04-06,9.0900000000,8.7700000000,8.7400000000,9.1900000000,2799540,3.648800,0
2022-04-07,8.9000000000,9.0900000000,8.9000000000,9.1500000000,1570951,-2.090200,0
2022-04-08,8.9400000000,8.9000000000,8.8000000000,9.0300000000,1482240,0.449400,0
2022-04-11,8.7700000000,8.9300000000,8.7100000000,9.0400000000,1255340,-1.901600,0
2022-04-12,8.8500000000,8.7600000000,8.6400000000,8.9000000000,1145580,0.912200,0
2022-04-13,8.8200000000,8.7600000000,8.7200000000,8.9500000000,1172700,-0.339000,0
2022-04-14,8.9200000000,8.8200000000,8.8200000000,8.9800000000,1259280,1.133800,0
2022-04-15,8.7900000000,8.9100000000,8.7500000000,8.9500000000,1336900,-1.457400,0
2022-04-18,8.7300000000,8.7900000000,8.6500000000,8.7900000000,1144184,-0.682600,0
2022-04-19,8.8200000000,8.7200000000,8.6900000000,8.8200000000,1259122,1.030900,0
2022-04-20,8.9300000000,8.8300000000,8.7600000000,8.9800000000,1803560,1.247200,0
2022-04-21,8.7400000000,8.9300000000,8.7400000000,9.1600000000,3227200,-2.127700,0
2022-04-22,9.6100000000,8.8000000000,8.6700000000,9.6100000000,11520358,9.954200,0
2022-04-25,9.2300000000,9.7900000000,9.0600000000,9.9600000000,13402723,-3.954200,0
2022-04-26,8.3100000000,9.2300000000,8.3100000000,9.2500000000,8418800,-9.967500,0
2022-04-27,7.7500000000,7.7100000000,7.4800000000,7.8000000000,7066420,-6.738900,0
2022-04-28,6.9800000000,7.1900000000,6.9800000000,7.3900000000,8958785,-9.935500,0
2022-04-29,7.2000000000,7.0200000000,7.0000000000,7.2900000000,5910398,3.151900,0
2022-05-05,7.4500000000,7.2000000000,7.0400000000,7.5900000000,4397800,3.472200,0
2022-05-06,7.3200000000,7.3200000000,7.2400000000,7.5400000000,2664680,-1.745000,0
2022-05-09,7.4600000000,7.3000000000,7.2700000000,7.4900000000,2285300,1.912600,0
2022-05-10,7.4600000000,7.3700000000,7.3000000000,7.4900000000,2028000,0.000000,0
2022-05-11,7.4600000000,7.4600000000,7.4200000000,7.6200000000,2658922,0.000000,0
2022-05-12,7.5400000000,7.4300000000,7.3300000000,7.5800000000,1903944,1.072400,0
2022-05-13,7.5300000000,7.5800000000,7.5000000000,7.6700000000,1523605,-0.132600,0
2022-05-16,7.5400000000,7.5800000000,7.5000000000,7.6000000000,1949452,0.132800,0
2022-05-17,7.3900000000,7.5700000000,7.3100000000,7.5800000000,2397400,-1.989400,0
2022-05-18,7.5700000000,7.4500000000,7.3800000000,7.6400000000,2322700,2.435700,0
2022-05-19,7.5600000000,7.4500000000,7.4200000000,7.5900000000,1610220,-0.132100,0
2022-05-20,7.6000000000,7.5600000000,7.5200000000,7.6500000000,1384880,0.529100,0
2022-05-23,7.6400000000,7.6000000000,7.5500000000,7.6500000000,1247118,0.526300,0
2022-05-24,7.2800000000,7.6400000000,7.2600000000,7.6500000000,2004060,-4.712000,0
2022-05-25,7.3400000000,7.2800000000,7.2500000000,7.3800000000,1490604,0.824200,0
2022-05-26,7.4200000000,7.3800000000,7.2200000000,7.4200000000,1691400,1.089900,0
2022-05-27,7.4100000000,7.4300000000,7.3200000000,7.4500000000,1415900,-0.134800,0
2022-05-30,7.3500000000,7.4400000000,7.3100000000,7.4500000000,1390800,-0.809700,0
2022-05-31,7.4300000000,7.3800000000,7.3100000000,7.4600000000,1521100,1.088400,0
2022-06-01,7.4200000000,7.4200000000,7.3700000000,7.5000000000,1242920,-0.134600,0
2022-06-02,7.4500000000,7.4400000000,7.3300000000,7.4700000000,1430600,0.404300,0
2022-06-06,7.5300000000,7.4900000000,7.4700000000,7.5800000000,1971000,1.073800,0
2022-06-07,7.4700000000,7.5200000000,7.4300000000,7.5800000000,1691840,-0.796800,0
2022-06-08,7.4200000000,7.4900000000,7.2500000000,7.4900000000,2135780,-0.669300,0
2022-06-09,7.1700000000,7.4000000000,7.1300000000,7.4400000000,2670727,-3.369300,0
2022-06-10,7.2000000000,7.1700000000,7.1100000000,7.2600000000,2070380,0.418400,0
2022-06-13,7.2500000000,7.1700000000,7.1400000000,7.2500000000,1727980,0.694400,0
2022-06-14,7.2300000000,7.2300000000,7.0700000000,7.2300000000,1389300,-0.275900,0
2022-06-15,7.2600000000,7.2500000000,7.2300000000,7.3000000000,2293061,0.414900,0
2022-06-16,7.2900000000,7.2900000000,7.2500000000,7.3500000000,1797014,0.413200,0
2022-06-17,7.3300000000,7.2900000000,7.2000000000,7.3600000000,2413820,0.548700,0
2022-06-20,7.3500000000,7.3700000000,7.3100000000,7.4300000000,2498240,0.272900,0
2022-06-21,7.4000000000,7.3500000000,7.3300000000,7.4100000000,1560441,0.680300,0
2022-06-22,7.3000000000,7.4000000000,7.2600000000,7.4000000000,1306858,-1.351400,0
2022-06-23,7.4100000000,7.2900000000,7.2500000000,7.4200000000,1890272,1.506800,0
2022-06-24,7.4300000000,7.4000000000,7.3600000000,7.4400000000,1655692,0.269900,0
2022-06-27,7.4500000000,7.4000000000,7.3800000000,7.4600000000,1594540,0.269200,0
2022-06-28,7.5000000000,7.4200000000,7.4100000000,7.5400000000,2305100,0.671100,0
2022-06-29,7.4000000000,7.5000000000,7.3900000000,7.5700000000,1741160,-1.333300,0
2022-06-30,7.5100000000,7.4400000000,7.4000000000,7.5400000000,2656500,1.486500,0
2022-07-01,7.5900000000,7.5100000000,7.4600000000,7.6000000000,1998434,1.065200,0
2022-07-04,7.5800000000,7.6700000000,7.5300000000,7.6800000000,3704620,-0.131800,0
2022-07-05,7.5700000000,7.6600000000,7.5200000000,7.7400000000,2801239,-0.131900,0
2022-07-06,7.6500000000,7.5700000000,7.4000000000,7.7000000000,3136080,1.056800,0
2022-07-07,7.4900000000,7.6500000000,7.4600000000,7.6800000000,2369120,-2.091500,0
2022-07-08,7.5200000000,7.4900000000,7.4600000000,7.5700000000,1395482,0.400500,0
2022-07-11,7.4900000000,7.6300000000,7.4500000000,7.6400000000,2254700,-0.398900,0
2022-07-12,7.3800000000,7.4900000000,7.3200000000,7.5200000000,2292900,-1.468600,0
2022-07-13,7.4200000000,7.3500000000,7.3300000000,7.4800000000,1531762,0.542000,0
2022-07-14,7.4500000000,7.4200000000,7.3500000000,7.4800000000,1369660,0.404300,0
2022-07-15,7.2400000000,7.4500000000,7.2400000000,7.4700000000,2353058,-2.818800,0
2022-07-18,7.5000000000,7.2300000000,7.2300000000,7.5200000000,2634783,3.591200,0
2022-07-19,7.5800000000,7.5200000000,7.4700000000,7.6000000000,1842100,1.066700,0
2022-07-20,7.5700000000,7.5600000000,7.5000000000,7.6000000000,1313260,-0.131900,0
2022-07-21,7.6300000000,7.5700000000,7.5500000000,7.6500000000,1658400,0.792600,0
2022-07-22,7.6200000000,7.6400000000,7.5600000000,7.6700000000,1702900,-0.131100,0
2022-07-25,7.6300000000,7.6400000000,7.5700000000,7.6900000000,1384500,0.131200,0
2022-07-26,7.6300000000,7.6300000000,7.5300000000,7.6600000000,1412980,0.000000,0
2022-07-27,7.7400000000,7.6200000000,7.5700000000,7.7700000000,2127440,1.441700,0
2022-07-28,7.7000000000,7.7900000000,7.6700000000,7.8800000000,2395156,-0.516800,0
2022-07-29,7.6600000000,7.7400000000,7.6100000000,7.7400000000,1393180,-0.519500,0
2022-08-01,7.6900000000,7.6800000000,7.6100000000,7.7500000000,1698080,0.391600,0
2022-08-02,7.4700000000,7.6800000000,7.3700000000,7.6800000000,2525164,-2.860900,0
2022-08-03,7.4500000000,7.4800000000,7.3800000000,7.5700000000,1318800,-0.267700,0
